Rank: 8
Total time:8.92363
Error: 1.33759e-06
