Rank: 8
Total time:18.92824
Error: 1.33759e-06
